              precision    recall  f1-score   support

           0       0.26      0.52      0.35        46
           1       0.59      0.42      0.49        71
           2       0.56      0.43      0.49       168
           3       1.00      0.10      0.18        20
           4       0.44      0.39      0.42       165
           5       0.87      0.91      0.89       992
           6       0.68      0.68      0.68        19

    accuracy                           0.75      1481
   macro avg       0.63      0.50      0.50      1481
weighted avg       0.75      0.75      0.74      1481
