              precision    recall  f1-score   support

           0       0.18      0.30      0.23        46
           1       0.57      0.30      0.39        71
           2       0.51      0.39      0.44       168
           3       0.00      0.00      0.00        20
           4       0.63      0.30      0.40       165
           5       0.83      0.97      0.89       992
           6       1.00      0.21      0.35        19

    accuracy                           0.75      1481
   macro avg       0.53      0.35      0.39      1481
weighted avg       0.73      0.75      0.72      1481
