              precision    recall  f1-score   support

           0       0.26      0.13      0.17        46
           1       0.47      0.72      0.57        71
           2       0.56      0.31      0.40       168
           3       0.00      0.00      0.00        20
           4       0.55      0.55      0.55       165
           5       0.88      0.95      0.91       992
           6       0.93      0.68      0.79        19

    accuracy                           0.78      1481
   macro avg       0.52      0.48      0.48      1481
weighted avg       0.75      0.78      0.76      1481
