              precision    recall  f1-score   support

           0       0.29      0.39      0.33        46
           1       0.56      0.56      0.56        71
           2       0.52      0.41      0.46       168
           3       0.00      0.00      0.00        20
           4       0.58      0.48      0.52       165
           5       0.89      0.95      0.92       992
           6       0.80      0.63      0.71        19

    accuracy                           0.78      1481
   macro avg       0.52      0.49      0.50      1481
weighted avg       0.76      0.78      0.77      1481
