              precision    recall  f1-score   support

           0       0.24      0.22      0.23        46
           1       0.58      0.37      0.45        71
           2       0.48      0.55      0.51       168
           3       0.00      0.00      0.00        20
           4       0.51      0.27      0.35       165
           5       0.86      0.95      0.90       992
           6       0.74      0.74      0.74        19

    accuracy                           0.76      1481
   macro avg       0.49      0.44      0.45      1481
weighted avg       0.73      0.76      0.74      1481
