              precision    recall  f1-score   support

           0       0.46      0.37      0.41        46
           1       0.76      0.41      0.53        71
           2       0.40      0.62      0.49       168
           3       0.30      0.30      0.30        20
           4       0.35      0.57      0.43       165
           5       0.95      0.79      0.86       992
           6       0.45      0.89      0.60        19

    accuracy                           0.71      1481
   macro avg       0.52      0.56      0.52      1481
weighted avg       0.78      0.71      0.73      1481
