              precision    recall  f1-score   support

           0       0.23      0.30      0.26        46
           1       0.59      0.51      0.55        71
           2       0.55      0.34      0.42       168
           3       0.00      0.00      0.00        20
           4       0.70      0.33      0.45       165
           5       0.83      0.97      0.90       992
           6       0.62      0.68      0.65        19

    accuracy                           0.77      1481
   macro avg       0.50      0.45      0.46      1481
weighted avg       0.74      0.77      0.74      1481
