              precision    recall  f1-score   support

           0       0.15      0.04      0.07        46
           1       0.43      0.35      0.39        71
           2       0.38      0.62      0.47       168
           3       0.00      0.00      0.00        20
           4       0.59      0.32      0.41       165
           5       0.89      0.93      0.91       992
           6       0.72      0.68      0.70        19

    accuracy                           0.75      1481
   macro avg       0.45      0.42      0.42      1481
weighted avg       0.74      0.75      0.74      1481
