              precision    recall  f1-score   support

           0       0.19      0.28      0.23        46
           1       0.44      0.54      0.48        71
           2       0.49      0.52      0.50       168
           3       0.10      0.50      0.17        20
           4       0.41      0.60      0.49       165
           5       0.97      0.77      0.85       992
           6       0.60      0.79      0.68        19

    accuracy                           0.69      1481
   macro avg       0.46      0.57      0.49      1481
weighted avg       0.79      0.69      0.73      1481
