              precision    recall  f1-score   support

           0       0.24      0.61      0.35        46
           1       0.38      0.35      0.37        71
           2       0.51      0.55      0.53       168
           3       0.12      0.10      0.11        20
           4       0.50      0.45      0.47       165
           5       0.93      0.87      0.90       992
           6       0.68      0.79      0.73        19

    accuracy                           0.74      1481
   macro avg       0.48      0.53      0.49      1481
weighted avg       0.77      0.74      0.75      1481
