              precision    recall  f1-score   support

           0       0.30      0.39      0.34        46
           1       0.47      0.48      0.47        71
           2       0.45      0.61      0.52       168
           3       0.14      0.30      0.19        20
           4       0.37      0.51      0.43       165
           5       0.96      0.80      0.87       992
           6       0.59      0.68      0.63        19

    accuracy                           0.71      1481
   macro avg       0.47      0.54      0.49      1481
weighted avg       0.77      0.71      0.73      1481
