              precision    recall  f1-score   support

           0       0.25      0.50      0.33        46
           1       0.48      0.41      0.44        71
           2       0.50      0.42      0.45       168
           3       0.33      0.20      0.25        20
           4       0.37      0.66      0.47       165
           5       0.93      0.81      0.86       992
           6       0.67      0.63      0.65        19

    accuracy                           0.71      1481
   macro avg       0.50      0.52      0.49      1481
weighted avg       0.76      0.71      0.73      1481
